%%MatrixMarket matrix coordinate real general
%-------------------------------------------------------------------------------
% UF Sparse Matrix Collection, Tim Davis
% http://www.cise.ufl.edu/research/sparse/matrices/DRIVCAV/cavity05
% name: DRIVCAV/cavity05
% [Driven Cavity  10 x 10, Reynolds number: 0]
% id: 384
% date: 1996
% author: A. Chapman
% ed: A. Baggag, Y. Saad
% fields: title A Zeros b x name id kind notes date author ed
% kind: computational fluid dynamics problem sequence
%-------------------------------------------------------------------------------
% notes:
% next: DRIVCAV/cavity06 first: DRIVCAV/cavity05
%-------------------------------------------------------------------------------
1182 1182 32747
1 1 1
2 2 1
3 3 1
4 4 1
1 5 -.0333333333333228
2 5 -.0277777777777729
3 5 -.222222222222238
4 5 1.33226762955019e-15
5 5 3.73333333333264
6 5 -1.06581410364015e-14
7 5 .022222222222155
8 5 -4.44089209850063e-16
9 5 .199999999999968
10 5 .111111111111087
11 5 -.088888888888901
12 5 -5.32907051820075e-15
13 5 -1.11111111111085
14 5 3.5527136788005e-15
15 5 .133333333333307
16 5 .111111111111103
17 5 -.533333333333225
18 5 -.444444444444407
19 5 -.0166666666666631
20 5 -.0111111111111077
21 5 -.0166666666666635
22 5 -.222222222222245
23 5 2.22044604925031e-15
24 5 -.0333333333333232
25 5 .0277777777777722
26 5 -.0888888888886243
27 5 -5.32907051820075e-15
28 5 .199999999999985
29 5 -.11111111111109
30 5 .133333333333318
31 5 -.111111111111104
32 5 -.533333333333342
33 5 .444444444444414
34 5 -.0166666666666674
35 5 -.0111111111111108
36 5 .0166666666666663
157 5 -.0333333333333221
158 5 .0277777777777724
159 5 .022222222222164
160 5 -8.88178419700125e-16
161 5 .199999999999973
162 5 -.11111111111109
163 5 .133333333333309
164 5 -.111111111111101
165 5 -1.11111111111084
166 5 2.1316282072803e-14
167 5 -.533333333333239
168 5 .444444444444411
169 5 .0166666666666623
170 5 -.0111111111111072
171 5 .0166666666666632
172 5 -.0333333333333217
173 5 -.0277777777777719
174 5 .133333333333306
175 5 .111111111111101
176 5 .199999999999987
177 5 .111111111111089
178 5 -.53333333333336
179 5 -.444444444444414
180 5 .0166666666666679
181 5 -.0111111111111114
182 5 -.0166666666666666
1 6 -.0277777777777726
2 6 -.0333333333333219
3 6 2.22044604925031e-15
4 6 .0222222222221551
5 6 -1.06581410364015e-14
6 6 3.73333333333262
7 6 4.44089209850063e-16
8 6 -.222222222222235
9 6 .1111111111111
10 6 .1333333333333
11 6 -1.24344978758018e-14
12 6 -1.11111111111095
13 6 5.32907051820075e-15
14 6 -.0888888888888051
15 6 .11111111111109
16 6 .199999999999977
17 6 -.444444444444406
18 6 -.53333333333325
19 6 -.0166666666666645
20 6 -.0166666666666646
21 6 -.0111111111111087
22 6 1.33226762955019e-15
23 6 .0222222222221475
24 6 .0277777777777719
25 6 -.0333333333333212
26 6 -5.32907051820075e-15
27 6 -1.11111111111066
28 6 -.111111111111104
29 6 .133333333333313
30 6 -.11111111111109
31 6 .19999999999997
32 6 .444444444444414
33 6 -.533333333333296
34 6 .0166666666666651
35 6 .0166666666666648
36 6 -.0111111111111091
157 6 .0277777777777722
158 6 -.0333333333333237
159 6 -3.10862446895044e-15
160 6 -.222222222222228
161 6 -.111111111111102
162 6 .133333333333312
163 6 -.111111111111088
164 6 .19999999999999
165 6 2.30926389122033e-14
166 6 -.0888888888887802
167 6 .444444444444411
168 6 -.533333333333307
169 6 -.0166666666666654
170 6 .0166666666666649
171 6 -.0111111111111095
172 6 -.0277777777777722
173 6 -.0333333333333206
174 6 .111111111111088
175 6 .199999999999954
176 6 .111111111111102
177 6 .133333333333316
178 6 -.444444444444414
179 6 -.533333333333299
180 6 .0166666666666651
181 6 -.0166666666666648
182 6 -.0111111111111092
7 7 1
8 8 1
9 9 1
10 10 1
1 11 .133333333333315
2 11 .111111111111093
3 11 -.088888888888643
4 11 1.06581410364015e-14
5 11 -.088888888888901
6 11 -1.24344978758018e-14
7 11 .13333333333331
8 11 -.111111111111089
9 11 -.533333333333275
10 11 -.444444444444349
11 11 6.39999999999952
12 11 -2.30926389122033e-14
13 11 -.533333333333257
14 11 .444444444444361
15 11 .177777777777675
16 11 -5.32907051820075e-15
17 11 -2.48888888888875
18 11 8.88178419700125e-16
19 11 -.0666666666666669
20 11 -.044444444444441
21 11 1.33226762955019e-15
157 11 .133333333333307
158 11 -.111111111111089
159 11 .133333333333304
160 11 .111111111111089
161 11 -.533333333333299
162 11 .444444444444352
163 11 .177777777777697
164 11 -2.66453525910038e-15
165 11 -.533333333333228
166 11 -.444444444444352
167 11 -2.48888888888877
168 11 1.24344978758018e-14
169 11 .0666666666666673
170 11 -.044444444444441
171 11 -1.66533453693773e-15
1 12 .111111111111106
2 12 .199999999999968
3 12 3.5527136788005e-15
4 12 -1.11111111111067
5 12 -5.32907051820075e-15
6 12 -1.11111111111095
7 12 -.111111111111102
8 12 .199999999999982
9 12 -.44444444444445
10 12 -.533333333333232
11 12 -2.30926389122033e-14
12 12 5.33333333333258
13 12 .444444444444466
14 12 -.533333333333296
15 12 -5.32907051820075e-15
16 12 -.177777777777803
17 12 0
18 12 -.71111111111113
19 12 6.66133814775094e-16
20 12 4.9960036108132e-16
21 12 .0222222222222179
157 12 -.111111111111103
158 12 .199999999999964
159 12 .111111111111102
160 12 .199999999999972
161 12 .444444444444457
162 12 -.533333333333264
163 12 -2.66453525910038e-15
164 12 -.177777777777789
165 12 -.444444444444455
166 12 -.533333333333239
167 12 1.50990331349021e-14
168 12 -.71111111111113
169 12 -6.10622663543836e-16
170 12 5.55111512312578e-16
171 12 .0222222222222176
1 13 .19999999999999
2 13 .111111111111105
3 13 .199999999999977
4 13 -.111111111111105
5 13 -1.11111111111085
6 13 5.32907051820075e-15
7 13 -1.11111111111082
8 13 5.32907051820075e-15
9 13 -.177777777777799
10 13 1.10350686064903e-14
11 13 -.533333333333257
12 13 .444444444444466
13 13 5.3333333333326
14 13 -3.84688851418342e-14
15 13 -.533333333333253
16 13 -.444444444444464
17 13 -.711111111111222
18 13 -1.55431223447522e-14
19 13 -3.49857317327866e-16
20 13 .0222222222222156
21 13 -5.96744875736022e-16
22 13 .19999999999997
23 13 .111111111111102
24 13 .199999999999978
25 13 -.111111111111102
26 13 -.533333333333246
27 13 -.444444444444454
28 13 -.177777777777814
29 13 5.86773428200045e-15
30 13 -.533333333333328
31 13 .444444444444464
32 13 -.711111111110942
33 13 1.28785870856518e-14
34 13 -6.08566694979733e-16
35 13 .0222222222222203
36 13 -5.55111512312578e-17
1 14 .111111111111093
2 14 .133333333333317
3 14 -.111111111111092
4 14 .133333333333313
5 14 3.5527136788005e-15
6 14 -.0888888888888051
7 14 1.77635683940025e-15
8 14 -.0888888888887798
9 14 1.09240463040278e-14
10 14 .177777777777687
11 14 .444444444444361
12 14 -.533333333333296
13 14 -3.84688851418342e-14
14 14 6.39999999999947
15 14 -.444444444444361
16 14 -.533333333333278
17 14 -1.27675647831893e-14
18 14 -2.48888888888889
19 14 -.0666666666666664
20 14 -2.0122792321331e-16
21 14 -.044444444444441
22 14 .111111111111089
23 14 .133333333333302
24 14 -.111111111111088
25 14 .133333333333307
26 14 -.44444444444435
27 14 -.533333333333221
28 14 6.42284579431303e-15
29 14 .177777777777672
30 14 .444444444444356
31 14 -.533333333333299
32 14 1.19904086659516e-14
33 14 -2.48888888888854
34 14 .0666666666666669
35 14 -4.09394740330526e-16
36 14 -.044444444444441
15 15 1
16 16 1
1 17 -.533333333333406
2 17 -.44444444444443
3 17 -.533333333333317
4 17 .44444444444442
5 17 -.533333333333225
6 17 -.444444444444406
7 17 -.533333333333257
8 17 .444444444444406
9 17 -.711111111110888
10 17 -5.73985303731206e-14
11 17 -2.48888888888875
12 17 0
13 17 -.711111111111222
14 17 -1.27675647831893e-14
15 17 -2.48888888888862
16 17 3.10862446895044e-14
17 17 8.53333333333268
18 17 4.98860212398248e-14
19 17 -5.55111512312578e-17
20 17 .0888888888888819
21 17 7.7715611723761e-16
1 18 -.44444444444443
2 18 -.533333333333342
3 18 .444444444444422
4 18 -.533333333333282
5 18 -.444444444444407
6 18 -.53333333333325
7 18 .444444444444402
8 18 -.533333333333278
9 18 -5.65103519534205e-14
10 18 -2.48888888888845
11 18 8.88178419700125e-16
12 18 -.71111111111113
13 18 -1.55431223447522e-14
14 18 -2.48888888888889
15 18 3.37507799486048e-14
16 18 -.711111111111027
17 18 4.98860212398248e-14
18 18 8.53333333333262
19 18 -2.22044604925031e-16
20 18 -5.18104078158377e-16
21 18 .0888888888888815
19 19 1
1 20 .0111111111111106
2 20 .0166666666666645
3 20 .0111111111111106
4 20 -.0166666666666648
5 20 .0111111111111077
6 20 .0166666666666646
7 20 .0111111111111085
8 20 -.0166666666666647
9 20 -.0222222222222186
10 20 2.0122792321331e-16
11 20 .044444444444441
12 20 -4.9960036108132e-16
13 20 -.0222222222222156
14 20 2.0122792321331e-16
15 20 .0444444444444381
16 20 -1.11022302462516e-16
17 20 -.0888888888888819
18 20 5.18104078158377e-16
1 21 .0166666666666662
2 21 .0111111111111089
3 21 -.0166666666666669
4 21 .0111111111111091
5 21 .0166666666666635
6 21 .0111111111111087
7 21 -.0166666666666635
8 21 .011111111111109
9 21 3.41393580072236e-15
10 21 .0444444444444401
11 21 -1.33226762955019e-15
12 21 -.0222222222222179
13 21 5.96744875736022e-16
14 21 .044444444444441
15 21 -9.99200722162641e-16
16 21 -.022222222222218
17 21 -7.7715611723761e-16
18 21 -.0888888888888815
5 22 -.222222222222245
6 22 1.33226762955019e-15
7 22 -.0333333333333201
8 22 -.0277777777777722
13 22 .19999999999997
14 22 .111111111111089
22 22 3.73333333333264
23 22 2.39808173319034e-14
24 22 .0222222222221655
25 22 1.77635683940025e-15
26 22 -.0888888888888881
27 22 -8.88178419700125e-15
28 22 -1.11111111111094
29 22 1.77635683940025e-15
30 22 .133333333333297
31 22 .111111111111101
32 22 -.533333333333228
33 22 -.444444444444406
34 22 -.0166666666666631
35 22 -.0111111111111078
36 22 -.0166666666666637
37 22 -.222222222222237
38 22 -8.88178419700125e-16
39 22 -.0333333333333234
40 22 .0277777777777721
41 22 -.0888888888885822
42 22 -8.88178419700125e-15
43 22 .199999999999974
44 22 -.111111111111089
45 22 .133333333333314
46 22 -.111111111111104
47 22 -.533333333333317
48 22 .444444444444411
49 22 -.0166666666666685
50 22 -.0111111111111113
51 22 .0166666666666673
159 22 -.0333333333333219
160 22 .0277777777777724
165 22 .19999999999996
166 22 -.111111111111089
172 22 .0222222222221548
173 22 -3.99680288865056e-15
174 22 .133333333333303
175 22 -.111111111111102
176 22 -1.11111111111084
177 22 1.77635683940025e-14
178 22 -.533333333333157
179 22 .444444444444397
180 22 .0166666666666614
181 22 -.0111111111111065
182 22 .0166666666666626
183 22 -.033333333333323
184 22 -.0277777777777725
185 22 .133333333333313
186 22 .111111111111101
187 22 .19999999999999
188 22 .111111111111091
189 22 -.533333333333399
190 22 -.444444444444416
191 22 .0166666666666685
192 22 -.0111111111111117
193 22 -.0166666666666668
5 23 2.22044604925031e-15
6 23 .0222222222221475
7 23 -.0277777777777721
8 23 -.033333333333319
13 23 .111111111111102
14 23 .133333333333302
22 23 2.39808173319034e-14
23 23 3.73333333333255
24 23 1.77635683940025e-15
25 23 -.22222222222222
26 23 -1.4210854715202e-14
27 23 -1.11111111111092
28 23 5.32907051820075e-15
29 23 -.0888888888888779
30 23 .111111111111088
31 23 .199999999999965
32 23 -.444444444444406
33 23 -.533333333333253
34 23 -.0166666666666645
35 23 -.0166666666666645
36 23 -.0111111111111087
37 23 4.44089209850063e-16
38 23 .0222222222221578
39 23 .027777777777772
40 23 -.0333333333333219
41 23 -1.59872115546023e-14
42 23 -1.1111111111106
43 23 -.111111111111102
44 23 .133333333333303
45 23 -.11111111111109
46 23 .199999999999964
47 23 .444444444444411
48 23 -.533333333333257
49 23 .0166666666666648
50 23 .0166666666666647
51 23 -.0111111111111087
159 23 .0277777777777724
160 23 -.0333333333333219
165 23 -.111111111111101
166 23 .133333333333303
172 23 -3.99680288865056e-15
173 23 -.222222222222235
174 23 -.111111111111088
175 23 .19999999999998
176 23 1.77635683940025e-14
177 23 -.0888888888887882
178 23 .444444444444398
179 23 -.533333333333236
180 23 -.0166666666666647
181 23 .0166666666666646
182 23 -.011111111111109
183 23 -.0277777777777724
184 23 -.0333333333333214
185 23 .111111111111089
186 23 .199999999999959
187 23 .111111111111104
188 23 .133333333333324
189 23 -.444444444444416
190 23 -.533333333333321
191 23 .0166666666666648
192 23 -.0166666666666646
193 23 -.0111111111111094
24 24 1
25 25 1
5 26 -.0888888888886243
6 26 -5.32907051820075e-15
7 26 .133333333333296
8 26 .111111111111087
13 26 -.533333333333246
14 26 -.44444444444435
22 26 -.0888888888888881
23 26 -1.4210854715202e-14
24 26 .133333333333314
25 26 -.111111111111089
26 26 6.39999999999952
27 26 8.88178419700125e-15
28 26 -.533333333333292
29 26 .444444444444359
30 26 .177777777777709
31 26 2.66453525910038e-15
32 26 -2.48888888888878
33 26 -5.32907051820075e-15
34 26 -.0666666666666673
35 26 -.0444444444444416
36 26 8.88178419700125e-16
159 26 .133333333333315
160 26 -.11111111111109
165 26 -.533333333333285
166 26 .44444444444435
172 26 .133333333333306
173 26 .111111111111089
174 26 .177777777777687
175 26 -1.33226762955019e-15
176 26 -.533333333333289
177 26 -.444444444444365
178 26 -2.48888888888872
179 26 2.1316282072803e-14
180 26 .0666666666666673
181 26 -.0444444444444416
182 26 -8.32667268468867e-16
5 27 -5.32907051820075e-15
6 27 -1.11111111111066
7 27 .111111111111101
8 27 .199999999999955
13 27 -.444444444444454
14 27 -.533333333333221
22 27 -8.88178419700125e-15
23 27 -1.11111111111092
24 27 -.111111111111104
25 27 .199999999999974
26 27 8.88178419700125e-15
27 27 5.33333333333255
28 27 .444444444444462
29 27 -.533333333333289
30 27 2.22044604925031e-15
31 27 -.177777777777774
32 27 -5.32907051820075e-15
33 27 -.711111111111151
34 27 -1.66533453693773e-16
35 27 -1.66533453693773e-16
36 27 .0222222222222176
159 27 -.111111111111104
160 27 .199999999999967
165 27 .444444444444455
166 27 -.53333333333326
172 27 .111111111111103
173 27 .199999999999982
174 27 -4.44089209850063e-16
175 27 -.177777777777792
176 27 -.444444444444471
177 27 -.533333333333299
178 27 1.86517468137026e-14
179 27 -.711111111111098
180 27 -2.22044604925031e-16
181 27 2.77555756156289e-16
182 27 .0222222222222181
5 28 .199999999999985
6 28 -.111111111111104
7 28 .199999999999971
8 28 .111111111111102
13 28 -.177777777777814
14 28 6.42284579431303e-15
22 28 -1.11111111111094
23 28 5.32907051820075e-15
24 28 -1.11111111111087
25 28 -5.32907051820075e-15
26 28 -.533333333333292
27 28 .444444444444462
28 28 5.33333333333266
29 28 -4.38120047785567e-14
30 28 -.533333333333232
31 28 -.444444444444461
32 28 -.711111111111123
33 28 7.32747196252603e-15
34 28 -5.43289693068867e-16
35 28 .0222222222222173
36 28 -7.97972798949331e-16
37 28 .199999999999977
38 28 .111111111111101
39 28 .199999999999987
40 28 -.111111111111101
41 28 -.533333333333289
42 28 -.444444444444455
43 28 -.177777777777805
44 28 1.91753334746997e-15
45 28 -.533333333333388
46 28 .44444444444447
47 28 -.711111111110814
48 28 1.70974345792274e-14
49 28 5.31639204538847e-16
50 28 .0222222222222219
51 28 -5.759281940243e-16
5 29 -.11111111111109
6 29 .133333333333313
7 29 .111111111111089
8 29 .133333333333302
13 29 5.86773428200045e-15
14 29 .177777777777672
22 29 1.77635683940025e-15
23 29 -.0888888888888779
24 29 -1.06581410364015e-14
25 29 -.0888888888888175
26 29 .444444444444359
27 29 -.533333333333289
28 29 -4.38120047785567e-14
29 29 6.3999999999993
30 29 -.444444444444354
31 29 -.533333333333243
32 29 5.21804821573824e-15
33 29 -2.48888888888875
34 29 -.0666666666666664
35 29 4.02455846426619e-16
36 29 -.0444444444444407
37 29 .111111111111088
38 29 .133333333333305
39 29 -.111111111111088
40 29 .133333333333318
41 29 -.444444444444349
42 29 -.533333333333218
43 29 1.47344413761991e-15
44 29 .177777777777685
45 29 .444444444444365
46 29 -.533333333333335
47 29 2.00950367457153e-14
48 29 -2.48888888888838
49 29 .0666666666666664
50 29 -5.96744875736022e-16
51 29 -.044444444444441
30 30 1
31 31 1
5 32 -.533333333333342
6 32 .444444444444414
7 32 -.533333333333253
8 32 -.444444444444404
13 32 -.711111111110942
14 32 1.19904086659516e-14
22 32 -.533333333333228
23 32 -.444444444444406
24 32 -.533333333333289
25 32 .444444444444409
26 32 -2.48888888888878
27 32 -5.32907051820075e-15
28 32 -.711111111111123
29 32 5.21804821573824e-15
30 32 -2.48888888888875
31 32 0
32 32 8.53333333333268
33 32 -3.06092599826281e-14
34 32 -1.11022302462516e-16
35 32 .0888888888888832
36 32 -1.94289029309402e-15
5 33 .444444444444414
6 33 -.533333333333296
7 33 -.444444444444407
8 33 -.533333333333243
13 33 1.28785870856518e-14
14 33 -2.48888888888854
22 33 -.444444444444406
23 33 -.533333333333253
24 33 .444444444444409
25 33 -.533333333333267
26 33 -5.32907051820075e-15
27 33 -.711111111111151
28 33 7.32747196252603e-15
29 33 -2.48888888888875
30 33 8.88178419700125e-16
31 33 -.711111111111126
32 33 -3.06092599826281e-14
33 33 8.53333333333256
34 33 -2.22044604925031e-16
35 33 -5.65391355133174e-16
36 33 .0888888888888815
5 34 .0166666666666674
6 34 -.0166666666666651
7 34 -.0166666666666655
8 34 -.0166666666666649
13 34 6.08566694979733e-16
14 34 -.0666666666666669
22 34 .0166666666666631
23 34 .0166666666666645
24 34 -.0166666666666653
25 34 .0166666666666651
26 34 .0666666666666673
27 34 1.66533453693773e-16
28 34 5.43289693068867e-16
29 34 .0666666666666664
30 34 -.0666666666666678
31 34 -1.11022302462516e-16
32 34 1.11022302462516e-16
33 34 2.22044604925031e-16
5 35 .0111111111111108
6 35 -.0166666666666648
7 35 .0111111111111095
8 35 .0166666666666648
13 35 -.0222222222222203
14 35 4.09394740330526e-16
22 35 .0111111111111078
23 35 .0166666666666645
24 35 .0111111111111092
25 35 -.0166666666666649
26 35 .0444444444444416
27 35 1.66533453693773e-16
28 35 -.0222222222222173
29 35 -4.02455846426619e-16
30 35 .0444444444444418
31 35 5.55111512312578e-17
32 35 -.0888888888888832
33 35 5.65391355133174e-16
5 36 -.0166666666666663
6 36 .0111111111111091
7 36 .0166666666666655
8 36 .011111111111109
13 36 5.55111512312578e-17
14 36 .044444444444441
22 36 .0166666666666637
23 36 .0111111111111087
24 36 -.0166666666666651
25 36 .0111111111111091
26 36 -8.88178419700125e-16
27 36 -.0222222222222176
28 36 7.97972798949331e-16
29 36 .0444444444444407
30 36 4.9960036108132e-16
31 36 -.0222222222222184
32 36 1.94289029309402e-15
33 36 -.0888888888888815
22 37 -.222222222222237
23 37 4.44089209850063e-16
24 37 -.0333333333333199
25 37 -.0277777777777722
28 37 .199999999999977
29 37 .111111111111088
37 37 3.73333333333265
38 37 3.5527136788005e-14
39 37 .0222222222221828
40 37 3.10862446895044e-15
41 37 -.0888888888889707
42 37 -3.37507799486048e-14
43 37 -1.11111111111094
44 37 0
45 37 .133333333333306
46 37 .111111111111101
47 37 -.533333333333275
48 37 -.444444444444418
49 37 -.0166666666666627
50 37 -.0111111111111078
51 37 -.0166666666666634
52 37 -.222222222222237
53 37 6.21724893790088e-15
54 37 -.0333333333333246
55 37 .0277777777777725
56 37 -.0888888888885404
57 37 -1.77635683940025e-14
58 37 .199999999999988
59 37 -.111111111111087
60 37 .133333333333335
61 37 -.111111111111106
62 37 -.533333333333406
63 37 .444444444444414
64 37 -.0166666666666684
65 37 -.011111111111112
66 37 .0166666666666665
172 37 -.0333333333333221
173 37 .0277777777777722
176 37 .199999999999956
177 37 -.111111111111088
183 37 .0222222222221866
184 37 8.88178419700125e-16
185 37 .133333333333304
186 37 -.111111111111101
187 37 -1.11111111111073
188 37 3.01980662698043e-14
189 37 -.533333333333147
190 37 .444444444444395
191 37 .0166666666666596
192 37 -.0111111111111058
193 37 .0166666666666614
194 37 -.0333333333333217
195 37 -.0277777777777722
196 37 .133333333333307
197 37 .111111111111099
198 37 .199999999999989
199 37 .111111111111088
200 37 -.533333333333438
201 37 -.44444444444442
202 37 .0166666666666694
203 37 -.0111111111111126
204 37 -.0166666666666671
22 38 -8.88178419700125e-16
23 38 .0222222222221578
24 38 -.0277777777777721
25 38 -.0333333333333203
28 38 .111111111111101
29 38 .133333333333305
37 38 3.5527136788005e-14
38 38 3.73333333333268
39 38 3.5527136788005e-15
40 38 -.222222222222217
41 38 -3.01980662698043e-14
42 38 -1.11111111111103
43 38 -1.77635683940025e-15
44 38 -.0888888888888819
45 38 .111111111111089
46 38 .199999999999979
47 38 -.44444444444442
48 38 -.533333333333292
49 38 -.0166666666666643
50 38 -.0166666666666644
51 38 -.0111111111111086
52 38 4.88498130835069e-15
53 38 .0222222222221578
54 38 .0277777777777724
55 38 -.033333333333323
56 38 -1.4210854715202e-14
57 38 -1.11111111111061
58 38 -.111111111111099
59 38 .133333333333312
60 38 -.111111111111093
61 38 .199999999999977
62 38 .444444444444416
63 38 -.533333333333299
64 38 .0166666666666639
65 38 .0166666666666642
66 38 -.0111111111111085
172 38 .0277777777777722
173 38 -.0333333333333212
176 38 -.111111111111101
177 38 .133333333333308
183 38 8.88178419700125e-16
184 38 -.222222222222209
185 38 -.111111111111087
186 38 .199999999999976
187 38 2.8421709430404e-14
188 38 -.0888888888886625
189 38 .444444444444397
190 38 -.533333333333282
191 38 -.0166666666666662
192 38 .0166666666666654
193 38 -.0111111111111101
194 38 -.0277777777777724
195 38 -.0333333333333197
196 38 .111111111111086
197 38 .199999999999947
198 38 .111111111111101
199 38 .133333333333325
200 38 -.444444444444418
201 38 -.533333333333363
202 38 .0166666666666668
203 38 -.0166666666666657
204 38 -.0111111111111105
39 39 1
40 40 1
22 41 -.0888888888885822
23 41 -1.59872115546023e-14
24 41 .133333333333288
25 41 .111111111111086
28 41 -.533333333333289
29 41 -.444444444444349
37 41 -.0888888888889707
38 41 -3.01980662698043e-14
39 41 .133333333333316
40 41 -.111111111111089
41 41 6.39999999999947
42 41 3.73034936274053e-14
43 41 -.533333333333204
44 41 .444444444444347
45 41 .177777777777691
46 41 4.66293670342566e-15
47 41 -2.48888888888878
48 41 2.66453525910038e-15
49 41 -.0666666666666669
50 41 -.0444444444444407
51 41 3.21964677141295e-15
172 41 .133333333333306
173 41 -.111111111111089
176 41 -.533333333333257
177 41 .444444444444347
183 41 .133333333333311
184 41 .111111111111092
185 41 .177777777777711
186 41 2.22044604925031e-15
187 41 -.533333333333314
188 41 -.444444444444374
189 41 -2.48888888888872
190 41 2.22044604925031e-14
191 41 .0666666666666669
192 41 -.0444444444444414
193 41 -1.0547118733939e-15
22 42 -8.88178419700125e-15
23 42 -1.1111111111106
24 42 .111111111111099
25 42 .199999999999947
28 42 -.444444444444455
29 42 -.533333333333218
37 42 -3.37507799486048e-14
38 42 -1.11111111111103
39 42 -.111111111111102
40 42 .199999999999979
41 42 3.73034936274053e-14
42 42 5.33333333333258
43 42 .444444444444448
44 42 -.533333333333228
45 42 4.66293670342566e-15
46 42 -.177777777777787
47 42 0
48 42 -.711111111111155
49 42 -7.21644966006352e-16
50 42 -4.9960036108132e-16
51 42 .0222222222222168
172 42 -.111111111111103
173 42 .199999999999963
176 42 .444444444444452
177 42 -.533333333333243
183 42 .111111111111104
184 42 .199999999999982
185 42 1.55431223447522e-15
186 42 -.17777777777778
187 42 -.444444444444477
188 42 -.533333333333342
189 42 2.75335310107039e-14
190 42 -.711111111111062
191 42 8.88178419700125e-16
192 42 -6.66133814775094e-16
193 42 .0222222222222186
22 43 .199999999999974
23 43 -.111111111111102
24 43 .199999999999957
25 43 .111111111111103
28 43 -.177777777777805
29 43 1.47344413761991e-15
37 43 -1.11111111111094
38 43 -1.77635683940025e-15
39 43 -1.11111111111079
40 43 -1.4210854715202e-14
41 43 -.533333333333204
42 43 .444444444444448
43 43 5.33333333333263
44 43 -5.44889921934627e-14
45 43 -.533333333333154
46 43 -.444444444444448
47 43 -.711111111111297
48 43 2.58681964737661e-14
49 43 -1.84694509343486e-16
50 43 .0222222222222141
51 43 -2.35922392732846e-16
52 43 .199999999999975
53 43 .111111111111105
54 43 .199999999999982
55 43 -.111111111111106
56 43 -.533333333333225
57 43 -.444444444444455
58 43 -.17777777777781
59 43 5.58126932873299e-15
60 43 -.533333333333349
61 43 .444444444444471
62 43 -.711111111111013
63 43 2.07611705604904e-14
64 43 -8.2838400062697e-16
65 43 .0222222222222204
66 43 -3.05311331771918e-16
22 44 -.111111111111089
23 44 .133333333333303
24 44 .111111111111089
25 44 .133333333333301
28 44 1.91753334746997e-15
29 44 .177777777777685
37 44 0
38 44 -.0888888888888819
39 44 -1.95399252334028e-14
40 44 -.088888888888746
41 44 .444444444444347
42 44 -.533333333333228
43 44 -5.44889921934627e-14
44 44 6.39999999999955
45 44 -.444444444444343
46 44 -.533333333333225
47 44 2.97539770599542e-14
48 44 -2.48888888888897
49 44 -.0666666666666655
50 44 9.0205620750794e-16
51 44 -.0444444444444403
52 44 .111111111111093
53 44 .133333333333301
54 44 -.111111111111094
55 44 .133333333333316
56 44 -.444444444444352
57 44 -.533333333333186
58 44 5.24820242134544e-15
59 44 .177777777777674
60 44 .444444444444366
61 44 -.533333333333317
62 44 2.18713935851158e-14
63 44 -2.48888888888862
64 44 .0666666666666655
65 44 -8.46545056276682e-16
66 44 -.0444444444444401
45 45 1
46 46 1
22 47 -.533333333333317
23 47 .444444444444411
24 47 -.533333333333218
25 47 -.444444444444398
28 47 -.711111111110814
29 47 2.00950367457153e-14
37 47 -.533333333333275
38 47 -.44444444444442
39 47 -.533333333333339
40 47 .444444444444418
41 47 -2.48888888888878
42 47 0
43 47 -.711111111111297
44 47 2.97539770599542e-14
45 47 -2.48888888888867
46 47 -1.86517468137026e-14
47 47 8.53333333333268
48 47 -3.8454836023313e-14
49 47 6.66133814775094e-16
50 47 .0888888888888837
51 47 -2.80331313717852e-15
22 48 .444444444444411
23 48 -.533333333333257
24 48 -.444444444444395
25 48 -.533333333333239
28 48 1.70974345792274e-14
29 48 -2.48888888888838
37 48 -.444444444444418
38 48 -.533333333333292
39 48 .444444444444413
40 48 -.533333333333321
41 48 2.66453525910038e-15
42 48 -.711111111111155
43 48 2.58681964737661e-14
44 48 -2.48888888888897
45 48 -1.68753899743024e-14
46 48 -.711111111111052
47 48 -3.8454836023313e-14
48 48 8.53333333333262
49 48 2.22044604925031e-16
50 48 -2.50828164822731e-16
51 48 .0888888888888815
22 49 .0166666666666685
23 49 -.0166666666666648
24 49 -.0166666666666654
25 49 -.0166666666666652
28 49 -5.31639204538847e-16
29 49 -.0666666666666664
37 49 .0166666666666627
38 49 .0166666666666643
39 49 -.0166666666666647
40 49 .0166666666666656
41 49 .0666666666666669
42 49 7.21644966006352e-16
43 49 1.84694509343486e-16
44 49 .0666666666666655
45 49 -.0666666666666664
46 49 5.55111512312578e-17
47 49 -6.66133814775094e-16
48 49 -2.22044604925031e-16
22 50 .0111111111111113
23 50 -.0166666666666647
24 50 .0111111111111092
25 50 .0166666666666649
28 50 -.0222222222222219
29 50 5.96744875736022e-16
37 50 .0111111111111078
38 50 .0166666666666644
39 50 .011111111111109
40 50 -.0166666666666649
41 50 .0444444444444407
42 50 4.9960036108132e-16
43 50 -.0222222222222141
44 50 -9.0205620750794e-16
45 50 .0444444444444412
46 50 1.66533453693773e-16
47 50 -.0888888888888837
48 50 2.50828164822731e-16
22 51 -.0166666666666673
23 51 .0111111111111087
24 51 .0166666666666653
25 51 .0111111111111094
28 51 5.759281940243e-16
29 51 .044444444444441
37 51 .0166666666666634
38 51 .0111111111111086
39 51 -.0166666666666644
40 51 .0111111111111095
41 51 -3.21964677141295e-15
42 51 -.0222222222222168
43 51 2.35922392732846e-16
44 51 .0444444444444403
45 51 2.4980018054066e-15
46 51 -.0222222222222189
47 51 2.80331313717852e-15
48 51 -.0888888888888815
37 52 -.222222222222237
38 52 4.88498130835069e-15
39 52 -.0333333333333208
40 52 -.0277777777777724
43 52 .199999999999975
44 52 .111111111111093
52 52 3.73333333333247
53 52 4.35207425653061e-14
54 52 .0222222222221478
55 52 8.88178419700125e-16
56 52 -.0888888888890249
57 52 -2.30926389122033e-14
58 52 -1.11111111111084
59 52 -1.4210854715202e-14
60 52 .133333333333295
61 52 .111111111111103
62 52 -.533333333333186
63 52 -.444444444444407
64 52 -.0166666666666629
65 52 -.0111111111111073
66 52 -.0166666666666644
67 52 -.222222222222246
68 52 -2.22044604925031e-15
69 52 -.0333333333333203
70 52 .027777777777772
71 52 -.0888888888888144
72 52 -1.77635683940025e-14
73 52 .199999999999986
74 52 -.111111111111089
75 52 .133333333333302
76 52 -.111111111111101
77 52 -.533333333333271
78 52 .444444444444409
79 52 -.0166666666666635
80 52 -.0111111111111084
81 52 .0166666666666641
183 52 -.0333333333333208
184 52 .0277777777777721
187 52 .199999999999944
188 52 -.11111111111109
194 52 .0222222222221339
195 52 -3.10862446895044e-15
196 52 .13333333333328
197 52 -.111111111111098
198 52 -1.11111111111053
199 52 3.37507799486048e-14
200 52 -.533333333333065
201 52 .444444444444386
202 52 .0166666666666594
203 52 -.0111111111111046
204 52 .0166666666666617
205 52 -.0333333333333221
206 52 -.0277777777777716
207 52 .133333333333319
208 52 .111111111111101
209 52 .199999999999987
210 52 .111111111111086
211 52 -.533333333333374
212 52 -.444444444444416
213 52 .0166666666666651
214 52 -.01111111111111
215 52 -.0166666666666646
37 53 6.21724893790088e-15
38 53 .0222222222221578
39 53 -.0277777777777724
40 53 -.0333333333333201
43 53 .111111111111105
44 53 .133333333333301
52 53 4.35207425653061e-14
53 53 3.73333333333265
54 53 -1.77635683940025e-15
55 53 -.222222222222242
56 53 -2.48689957516035e-14
57 53 -1.11111111111105
58 53 -1.77635683940025e-15
59 53 -.0888888888888064
60 53 .11111111111109
61 53 .19999999999997
62 53 -.444444444444409
63 53 -.533333333333211
64 53 -.0166666666666637
65 53 -.0166666666666641
66 53 -.0111111111111081
67 53 -8.88178419700125e-16
68 53 .0222222222221466
69 53 .027777777777772
70 53 -.0333333333333203
71 53 -2.1316282072803e-14
72 53 -1.11111111111086
73 53 -.111111111111103
74 53 .133333333333312
75 53 -.111111111111087
76 53 .199999999999967
77 53 .444444444444413
78 53 -.533333333333264
79 53 .0166666666666633
80 53 .0166666666666637
81 53 -.0111111111111081
183 53 .0277777777777722
184 53 -.0333333333333208
187 53 -.111111111111103
188 53 .133333333333302
194 53 -3.99680288865056e-15
195 53 -.22222222222226
196 53 -.111111111111084
197 53 .199999999999969
198 53 3.19744231092045e-14
199 53 -.0888888888885306
200 53 .444444444444386
201 53 -.533333333333236
202 53 -.0166666666666666
203 53 .0166666666666656
204 53 -.0111111111111103
205 53 -.0277777777777718
206 53 -.0333333333333194
207 53 .111111111111089
208 53 .199999999999969
209 53 .111111111111099
210 53 .133333333333318
211 53 -.44444444444442
212 53 -.533333333333349
213 53 .0166666666666666
214 53 -.0166666666666656
215 53 -.0111111111111102
54 54 1
55 55 1
37 56 -.0888888888885404
38 56 -1.4210854715202e-14
39 56 .133333333333301
40 56 .111111111111086
43 56 -.533333333333225
44 56 -.444444444444352
52 56 -.0888888888890249
53 56 -2.48689957516035e-14
54 56 .1333333333333
55 56 -.111111111111089
56 56 6.39999999999944
57 56 3.37507799486048e-14
58 56 -.533333333333299
59 56 .444444444444358
60 56 .177777777777706
61 56 2.66453525910038e-15
62 56 -2.48888888888888
63 56 0
64 56 -.0666666666666673
65 56 -.0444444444444412
66 56 8.88178419700125e-16
183 56 .133333333333333
184 56 -.111111111111093
187 56 -.53333333333326
188 56 .444444444444347
194 56 .133333333333309
195 56 .111111111111093
196 56 .177777777777669
197 56 -2.22044604925031e-15
198 56 -.533333333333346
199 56 -.444444444444377
200 56 -2.4888888888885
201 56 3.10862446895044e-14
202 56 .0666666666666669
203 56 -.0444444444444414
204 56 -3.33066907387547e-16
37 57 -1.77635683940025e-14
38 57 -1.11111111111061
39 57 .111111111111099
40 57 .199999999999955
43 57 -.444444444444455
44 57 -.533333333333186
52 57 -2.30926389122033e-14
53 57 -1.11111111111105
54 57 -.111111111111102
55 57 .199999999999972
56 57 3.37507799486048e-14
57 57 5.3333333333326
58 57 .444444444444462
59 57 -.533333333333278
60 57 2.66453525910038e-15
61 57 -.177777777777778
62 57 2.66453525910038e-15
63 57 -.711111111111233
64 57 5.55111512312578e-17
65 57 1.11022302462516e-16
66 57 .0222222222222165
183 57 -.111111111111106
184 57 .199999999999974
187 57 .44444444444445
188 57 -.533333333333275
194 57 .111111111111107
195 57 .199999999999992
196 57 -1.99840144432528e-15
197 57 -.177777777777803
198 57 -.444444444444482
199 57 -.533333333333388
200 57 3.19744231092045e-14
201 57 -.71111111111091
202 57 1.11022302462516e-16
203 57 0
204 57 .0222222222222206
37 58 .199999999999988
38 58 -.111111111111099
39 58 .199999999999967
40 58 .111111111111098
43 58 -.17777777777781
44 58 5.24820242134544e-15
52 58 -1.11111111111084
53 58 -1.77635683940025e-15
54 58 -1.11111111111075
55 58 1.24344978758018e-14
56 58 -.533333333333299
57 58 .444444444444462
58 58 5.33333333333249
59 58 4.92267406535949e-15
60 58 -.533333333333271
61 58 -.444444444444462
62 58 -.711111111111066
63 58 3.33066907387547e-15
64 58 4.81439305431608e-16
65 58 .022222222222217
66 58 2.63677968348475e-16
67 58 .199999999999977
68 58 .111111111111101
69 58 .199999999999965
70 58 -.111111111111102
71 58 -.533333333333239
72 58 -.444444444444457
73 58 -.177777777777825
74 58 -3.78709409511028e-15
75 58 -.5333333333332
76 58 .444444444444454
77 58 -.711111111111141
78 58 -1.12132525487141e-14
79 58 -7.99771771442917e-16
80 58 .0222222222222167
81 58 8.32667268468867e-16
37 59 -.111111111111087
38 59 .133333333333312
39 59 .111111111111086
40 59 .133333333333307
43 59 5.58126932873299e-15
44 59 .177777777777674
52 59 -1.4210854715202e-14
53 59 -.0888888888888064
54 59 1.77635683940025e-14
55 59 -.0888888888887198
56 59 .444444444444358
57 59 -.533333333333278
58 59 4.92267406535949e-15
59 59 6.39999999999944
60 59 -.444444444444359
61 59 -.533333333333296
62 59 1.22124532708757e-15
63 59 -2.4888888888887
64 59 -.066666666666666
65 59 8.04911692853238e-16
66 59 -.0444444444444405
67 59 .111111111111088
68 59 .133333333333301
69 59 -.111111111111089
70 59 .133333333333305
71 59 -.444444444444349
72 59 -.533333333333232
73 59 -4.89731711973544e-15
74 59 .177777777777651
75 59 .444444444444349
76 59 -.53333333333325
77 59 -1.08801856413265e-14
78 59 -2.48888888888878
79 59 .066666666666666
80 59 -1.04777297948999e-15
81 59 -.0444444444444403
60 60 1
61 61 1
37 62 -.533333333333406
38 62 .444444444444416
39 62 -.533333333333289
40 62 -.444444444444402
43 62 -.711111111111013
44 62 2.18713935851158e-14
52 62 -.533333333333186
53 62 -.444444444444409
54 62 -.533333333333218
55 62 .444444444444409
56 62 -2.48888888888888
57 62 2.66453525910038e-15
58 62 -.711111111111066
59 62 1.22124532708757e-15
60 62 -2.48888888888868
61 62 -4.44089209850063e-15
62 62 8.53333333333273
63 62 -3.78791648253585e-14
64 62 2.38697950294409e-15
65 62 .0888888888888828
66 62 -1.60982338570648e-15
37 63 .444444444444414
38 63 -.533333333333299
39 63 -.4444444444444
40 63 -.533333333333285
43 63 2.07611705604904e-14
44 63 -2.48888888888862
52 63 -.444444444444407
53 63 -.533333333333211
54 63 .444444444444409
55 63 -.533333333333282
56 63 0
57 63 -.711111111111233
58 63 3.33066907387547e-15
59 63 -2.4888888888887
60 63 -5.32907051820075e-15
61 63 -.711111111111048
62 63 -3.78791648253585e-14
63 63 8.53333333333262
64 63 -2.22044604925031e-16
65 63 -4.86236565414516e-16
66 63 .088888888888881
37 64 .0166666666666684
38 64 -.0166666666666639
39 64 -.0166666666666654
40 64 -.0166666666666655
43 64 8.2838400062697e-16
44 64 -.0666666666666655
52 64 .0166666666666629
53 64 .0166666666666637
54 64 -.0166666666666631
55 64 .0166666666666658
56 64 .0666666666666673
57 64 -5.55111512312578e-17
58 64 -4.81439305431608e-16
59 64 .066666666666666
60 64 -.0666666666666682
61 64 -1.66533453693773e-16
62 64 -2.38697950294409e-15
63 64 2.22044604925031e-16
37 65 .011111111111112
38 65 -.0166666666666642
39 65 .0111111111111098
40 65 .0166666666666649
43 65 -.0222222222222204
44 65 8.46545056276682e-16
52 65 .0111111111111073
53 65 .0166666666666641
54 65 .0111111111111075
55 65 -.0166666666666652
56 65 .0444444444444412
57 65 -1.11022302462516e-16
58 65 -.022222222222217
59 65 -8.04911692853238e-16
60 65 .0444444444444423
61 65 5.55111512312578e-17
62 65 -.0888888888888828
63 65 4.86236565414516e-16
37 66 -.0166666666666665
38 66 .0111111111111085
39 66 .0166666666666645
40 66 .0111111111111095
43 66 3.05311331771918e-16
44 66 .0444444444444401
52 66 .0166666666666644
53 66 .0111111111111081
54 66 -.0166666666666643
55 66 .0111111111111097
56 66 -8.88178419700125e-16
57 66 -.0222222222222165
58 66 -2.63677968348475e-16
59 66 .0444444444444405
60 66 8.88178419700125e-16
61 66 -.0222222222222191
62 66 1.60982338570648e-15
63 66 -.088888888888881
52 67 -.222222222222246
53 67 -8.88178419700125e-16
54 67 -.0333333333333228
55 67 -.0277777777777722
58 67 .199999999999977
59 67 .111111111111088
67 67 3.73333333333261
68 67 -5.77315972805081e-14
69 67 .0222222222221682
70 67 -1.33226762955019e-15
71 67 -.0888888888886785
72 67 -1.77635683940025e-14
73 67 -1.11111111111093
74 67 -1.06581410364015e-14
75 67 .133333333333308
76 67 .111111111111104
77 67 -.533333333333292
78 67 -.444444444444404
79 67 -.0166666666666681
80 67 -.0111111111111107
81 67 -.0166666666666668
82 67 -.222222222222194
83 67 1.50990331349021e-14
84 67 -.033333333333319
85 67 .0277777777777719
86 67 -.0888888888887664
87 67 2.48689957516035e-14
88 67 .199999999999967
89 67 -.111111111111081
90 67 .133333333333343
91 67 -.111111111111103
92 67 -.533333333333427
93 67 .444444444444422
94 67 -.0166666666666645
95 67 -.0111111111111099
96 67 .0166666666666627
194 67 -.0333333333333241
195 67 .0277777777777727
198 67 .199999999999957
199 67 -.111111111111092
205 67 .0222222222221568
206 67 0
207 67 .133333333333303
208 67 -.111111111111104
209 67 -1.11111111111083
210 67 1.4210854715202e-14
211 67 -.533333333333221
212 67 .444444444444395
213 67 .0166666666666658
214 67 -.0111111111111093
215 67 .0166666666666659
216 67 -.0333333333333226
217 67 -.0277777777777727
218 67 .133333333333305
219 67 .111111111111101
220 67 .199999999999944
221 67 .111111111111089
222 67 -.533333333333221
223 67 -.444444444444386
224 67 .0166666666666651
225 67 -.0111111111111093
226 67 -.0166666666666641
52 68 -2.22044604925031e-15
53 68 .0222222222221466
54 68 -.0277777777777721
55 68 -.0333333333333206
58 68 .111111111111101
59 68 .133333333333301
67 68 -5.77315972805081e-14
68 68 3.73333333333257
69 68 -8.88178419700125e-16
70 68 -.222222222222232
71 68 -1.4210854715202e-14
72 68 -1.11111111111068
73 68 -1.77635683940025e-14
74 68 -.0888888888888753
75 68 .11111111111109
76 68 .199999999999959
77 68 -.444444444444402
78 68 -.533333333333214
79 68 -.0166666666666633
80 68 -.0166666666666638
81 68 -.0111111111111079
82 68 1.46549439250521e-14
83 68 .0222222222221915
84 68 .0277777777777718
85 68 -.0333333333333228
86 68 3.19744231092045e-14
87 68 -1.11111111111089
88 68 -.111111111111095
89 68 .133333333333305
90 68 -.111111111111091
91 68 .200000000000006
92 68 .444444444444422
93 68 -.533333333333363
94 68 .0166666666666639
95 68 .0166666666666643
96 68 -.0111111111111084
194 68 .0277777777777728
195 68 -.0333333333333237
198 68 -.111111111111104
199 68 .133333333333305
205 68 4.44089209850063e-16
206 68 -.222222222222227
207 68 -.111111111111091
208 68 .199999999999962
209 68 1.4210854715202e-14
210 68 -.0888888888887744
211 68 .444444444444397
212 68 -.533333333333257
213 68 -.0166666666666662
214 68 .0166666666666656
215 68 -.01111111111111
216 68 -.0277777777777729
217 68 -.0333333333333232
218 68 .111111111111089
219 68 .19999999999997
220 68 .111111111111101
221 68 .133333333333297
222 68 -.44444444444439
223 68 -.533333333333232
224 68 .0166666666666657
225 68 -.0166666666666654
226 68 -.0111111111111096
69 69 1
70 70 1
52 71 -.0888888888888144
53 71 -2.1316282072803e-14
54 71 .133333333333314
55 71 .11111111111109
58 71 -.533333333333239
59 71 -.444444444444349
67 71 -.0888888888886785
68 71 -1.4210854715202e-14
69 71 .133333333333294
70 71 -.111111111111088
71 71 6.39999999999949
72 71 2.30926389122033e-14
73 71 -.53333333333331
74 71 .444444444444359
75 71 .177777777777724
76 71 -3.77475828372553e-15
77 71 -2.48888888888895
78 71 4.44089209850063e-15
79 71 -.0666666666666678
80 71 -.0444444444444421
81 71 -2.33146835171283e-15
194 71 .133333333333316
195 71 -.111111111111089
198 71 -.533333333333161
199 71 .444444444444345
205 71 .133333333333286
